[[[[0,  64, 128, 192], [[4,  68, 132, 196], [[ 8,  72, 136, 200], [[12,  76, 140, 204],
   [1,  65, 129, 193],  [5,  69, 133, 197],  [ 9,  73, 137, 201],  [13,  77, 141, 205],
   [2,  66, 130, 194],  [6,  70, 134, 198],  [10,  74, 138, 202],  [14,  78, 142, 206],
   [3,  67, 131, 195]], [7,  71, 135, 199]], [11,  75, 139, 203]], [15,  79, 143, 207]]],   

 [[[16,  80, 144, 208], [[20,  84, 148, 212], [[24,  88, 152, 216], [[28,  92, 156, 220],
   [17,  81, 145, 209],  [21,  85, 149, 213],  [25,  89, 153, 217],  [29,  93, 157, 221],
   [18,  82, 146, 210],  [22,  86, 150, 214],  [26,  90, 154, 218],  [30,  94, 158, 222],
   [19,  83, 147, 211]], [23,  87, 151, 215]], [27,  91, 155, 219]], [31,  95, 159, 223]]],

 [[[32,  96, 160, 224], [[36, 100, 164, 228], [[40, 104, 168, 232], [[44, 108, 172, 236],
   [33,  97, 161, 225],  [37, 101, 165, 229],  [41, 105, 169, 233],  [45, 109, 173, 237],
   [34,  98, 162, 226],  [38, 102, 166, 230],  [42, 106, 170, 234],  [46, 110, 174, 238],
   [35,  99, 163, 227]], [39, 103, 167, 231]]  [43, 107, 171, 235]]  [47, 111, 175, 239]]],

 [[[48, 112, 176, 240], [[52, 116, 180, 244], [[56, 120, 184, 248], [[60, 124, 188, 252],
   [49, 113, 177, 241],  [53, 117, 181, 245],  [57, 121, 185, 249],  [61, 125, 189, 253],
   [50, 114, 178, 242],  [54, 118, 182, 246],  [58, 122, 186, 250],  [62, 126, 190, 254],
   [51, 115, 179, 243]], [55, 119, 183, 247]], [59, 123, 187, 251]]  [63, 127, 191, 255]]]].