1.91
4.09
9.26
5.44
1.26
6.63
3.12
7.93
-0.14
-2.12
3.24
1.76
3.26
6.75
5.64
5.20
5.98
5.01
0.41
7.05
0.99
5.47
6.49
4.09
2.38
6.11
7.17
0.13
-0.95
2.37
5.18
5.48
2.60
1.19
2.65
1.06
2.67
2.60
10.95
2.22
7.13
1.21
-0.42
3.44
5.36
-2.41
-0.38
5.78
5.44
8.7
1.94
1.33
2.20
1.23
-1.05
-2.07
-0.13
-0.01
2.02
4.47
2.51
2.09
0.7
0.1
11.15
5.79
5.03
0.53
3.24
7.51
7.85
2.24
-0.69
2.69
4.95
7.34
-0.56
-4.86
2.45
3.15
4.79
-1.57
0.84
5.21
-2.24
2.12
6.54
1.21
2.88
1.21
5.94
0.46
-3.7
5.81
-0.86
9.5
1.47
-1.87
-0.82
3.23
