% Я
teach_dict(1, [0, 0, 1, 1, 1, 1,
               0, 1, 1, 0, 1, 1,
               0, 1, 0, 0, 1, 1,
               0, 1, 1, 1, 1, 1,
               0, 0, 1, 1, 1, 0,
               0, 1, 1, 0, 1, 0], y).

% Ш
teach_dict(2, [1, 0, 0, 0, 0, 1,
               1, 0, 0, 0, 0, 1,
               1, 0, 1, 1, 0, 1,
               1, 0, 1, 1, 0, 1,
               1, 0, 1, 1, 0, 1,
               1, 1, 1, 1, 1, 1], n).

% Я
teach_dict(3, [0, 0, 0, 1, 1, 1,
               0, 0, 1, 0, 0, 1,
               0, 0, 1, 1, 1, 1,
               0, 0, 0, 1, 1, 1,
               0, 0, 0, 0, 1, 1,
               0, 1, 1, 1, 1, 1], y).

% Н
teach_dict(4, [0, 1, 0, 0, 1, 0,
               0, 1, 0, 0, 1, 0,
               0, 1, 1, 1, 1, 0,
               0, 1, 1, 1, 1, 0,
               0, 1, 0, 0, 1, 0,
               0, 1, 0, 0, 1, 0], n).

% Я
teach_dict(5, [0, 0, 1, 1, 1, 1,
               0, 1, 0, 0, 0, 1,
               0, 1, 0, 0, 1, 0,
               0, 1, 1, 1, 1, 0,
               0, 0, 1, 1, 1, 1,
               0, 1, 1, 0, 1, 1], y).

% К
teach_dict(6, [0, 1, 0, 0, 0, 0,
               0, 1, 0, 1, 1, 0,
               0, 1, 1, 0, 0, 0,
               0, 1, 1, 0, 0, 0,
               1, 1, 1, 1, 0, 0,
               1, 0, 0, 1, 1, 0], n).

% Я
teach_dict(7, [0, 0, 1, 1, 1, 1,
               0, 1, 1, 0, 1, 1,
               0, 1, 1, 0, 1, 0,
               0, 0, 1, 1, 1, 0,
               0, 0, 0, 0, 1, 0,
               0, 1, 1, 1, 1, 1], y).

% О
teach_dict(8, [0, 1, 1, 1, 1, 0,
               0, 1, 0, 0, 1, 0,
               0, 1, 0, 0, 0, 1,
               0, 1, 0, 0, 0, 1,
               0, 1, 0, 0, 1, 0,
               0, 0, 1, 1, 1, 0], n).

% Я
teach_dict(9, [0, 0, 1, 1, 0, 1,
               0, 0, 1, 0, 1, 1,
               0, 0, 1, 0, 1, 1,
               0, 0, 1, 1, 1, 1,
               0, 0, 0, 0, 1, 1,
               0, 1, 1, 1, 0, 1], y).

% 5
teach_dict(10, [0, 0, 1, 1, 1, 0,
                0, 0, 1, 0, 0, 0,
                0, 1, 1, 1, 0, 0,
                0, 1, 1, 1, 0, 0,
                0, 0, 0, 1, 0, 0,
                0, 1, 1, 1, 0, 0], n).

% Я
teach_dict(11, [0, 0, 1, 1, 1, 1,
                0, 1, 1, 0, 1, 0,
                0, 1, 0, 0, 1, 0,
                0, 1, 0, 0, 1, 0,
                0, 1, 1, 1, 1, 1,
                0, 1, 1, 0, 0, 1], y).

% 1
teach_dict(12, [0, 0, 0, 1, 1, 0,
                0, 0, 1, 1, 1, 0,
                0, 0, 1, 0, 1, 0,
                0, 0, 0, 1, 0, 0,
                0, 0, 0, 1, 0, 0,
                0, 0, 0, 1, 0, 0], n).

% Я
teach_dict(13, [0, 0, 1, 1, 1, 1,
                0, 1, 1, 0, 0, 1,
                0, 1, 1, 0, 1, 0,
                0, 0, 1, 1, 1, 0,
                0, 0, 1, 1, 0, 1,
                0, 1, 1, 0, 0, 1], y).

% C
teach_dict(14, [0, 0, 1, 1, 1, 0,
                0, 1, 1, 0, 1, 0,
                0, 1, 0, 0, 0, 0,
                0, 1, 0, 0, 0, 0,
                0, 1, 0, 0, 1, 0,
                0, 0, 1, 1, 1, 0], n).

% Я
teach_dict(15, [0, 0, 1, 1, 1, 1,
                0, 0, 1, 0, 0, 1,
                0, 1, 0, 0, 0, 1,
                0, 1, 1, 1, 1, 1,
                0, 0, 0, 1, 1, 1,
                0, 0, 1, 1, 0, 1], y).

% T
teach_dict(16, [1, 1, 1, 1, 1, 1,
                0, 0, 1, 1, 0, 0,
                0, 0, 1, 1, 0, 0,
                0, 0, 1, 1, 0, 0,
                0, 0, 1, 1, 0, 0,
                0, 0, 1, 1, 0, 0], n).